DATA
1111001101011110011110101110110011110111|1
0000101000101100000000010011000111111001|0
1001100101110101100110000001110101011101|0
1111001111011111000010000110011011100101|0
0111100100001011100110000001010011000101|0
1000111011111111100111011000110000101110|0
1000001101100101110000010011101011001100|1
1111110101100001011000001100101110110110|1
0111111010010011100011111100011110011100|1
0010101000001100100111000010000111111001|0
0100101000100001001101000111111010000010|0
0010101001100111111010010000101000111011|1
1110110110110100101001100111011010001101|0
0011101010110100111100010000010001010001|0
1111000001111111010001010011011001101001|0
1000010011101101110100100100100001010100|1
1000101111101100100011001111000111010110|0
0110010111100000000010001111011010101001|0
1001010001110101110001001010000000001010|0
0000101100011000011111111100110010111100|0
0011100011111101100110110101011101010000|0
1000001000100110101101101000001000111110|1
1001110010001010000110110000111111110001|1
0001110011001100000100110110001011110010|1
1011001111010000011101011111000111100101|0
0101110100001001001111111111001110010110|1
0001010001110001001010000100110110111011|1
1111010000001010101101101010010011010010|0
0000111101011110110100110100010001110100|1
1000000001101001011011101010011110100110|1
0011010111110010101111010111011111111111|1
1001010111110010010010011100011010111111|0
1011100001100110101011111101000110011011|0
0011000111110001010110000101100110101001|0
0110011010011110001110100101001001010110|0
0001001010000011001100111101110101111111|1
0111101000100111000110100110010101011101|0
0100111100011110000101011101111011100001|1
1110001110101001111111000011000011010010|0
0011001101001111000101000100111100011111|1
0001010011110100011100101011101001110001|1
0000001000110100000110001111000001110100|1
1100110101101001000011000111110001100010|1
1001110011011110010101000010000100100110|1
1000011011001010010010000010001011010111|0
1010010010111001110010111110001010111101|0
1111010010111011010000110001100000110011|0
0000100110111111111011110111001000010000|0
1001111111111010110100110101101010001010|0
0010011010001101100111011111110000111110|1
1101100010000111101011000101110001111000|1
0010101100001000100011011110011010101110|0
1010000001010001110111100110001010010111|1
0001001101011101111101111101101101110101|1
1000011101001111110101101111110011011001|0
0010011001010100000101101101100111111000|0
1100001110100111111000100000100111001000|1
1100111110110010011111111000100011111011|1
1101101110101111110101101001101111110100|0
0100110101001100010111110101011101001001|0
0010010100110100101111101001111010000111|1
0001100000001011011111110100111111111110|1
1010100001000010001011010000110010110010|0
1101001110101110000011100101101010001111|0
0101010101101010010100110011110001001101|0
1010000000010000101010110101011111111111|0
1000001101011110011001100100110001001000|0
1011100010001000100001000001010001110011|0
1000000011101000001010110111100000000110|0
1001001010001110100111110111111011101001|1
0101001000100010000101111111111110100100|0
1111101000100111110010001001111111000011|0
1100101001100011011010100101100100111111|0
0001010010110010100011011001101011010000|0
1110000111111000000000101000011101001101|1
0110111001010100100100111001001011011100|1
1100000100110001101110111111010010100100|1
0011110111101011110100001000011011110001|1
0100110011010101010101010110110001010110|1
1010100101001100010010110110000101111010|0
1000001111011001110111100011110001110000|0
0100101000100111010111000111101000111000|1
1001101110100101001010110010111010101111|1
0011001011101001111101011011111110011101|0
0100110000001001010011011110000000110001|1
0100110110000000001001001100010010111110|1
0001100101111000101101011101011100110010|0
1010010011001001110011100110011111000011|1
0001011000000111011010110110000000100010|0
0100010101000100011111101100011010110011|0
1110010000101100110001010110001100101010|1
0001111100110110000010101110111000101010|1
1111000110011101011100100111000000010010|0
0100111111100011000111110101100001110000|1
1101011011100111101001000111000111110010|0
1011011011010001110110100101010011010101|0
1001011111110011000010000001010110010010|1
1011100001111001001110001101101000010011|0
1111010000000101010111110000111000110001|0
0000101101101000011010001000000110011010|1
1010010100010111010101011010011010100000|1
0101111110100000101001111010101110011000|0
1000101010010111110111100010011010001101|0
0011001100000001010000101010001000011000|0
1101111111111101010101011011110000010100|0
0110111111100011000101000010001100010101|1
1110001001001100001000100010101011110011|0
1001100000110000010001110100011011100011|0
1100110000101011111000101010100001101000|1
0111110101001001100101110100110100010111|0
0000001011000001110001101010111111111000|1
0100010001110110100001010001011001011110|1
1101111100110101010010101100110001001000|1
1000111000010001010111101111011101101110|0
0001101101001111001111101111001110000110|1
1011011110000101010100111100111011101010|1
1011000010101011010111101000010101101001|0
1101111011011111000110100101111011011001|0
0110001100110101010000101000001110010010|1
0100001001010111110111110111110111101101|1
0010010010010011010010110111010011011111|0
1001111001010010111000010101011011011011|1
1110000101011100010001001101111111011111|0
1000001011100011011010111011111100100100|0
1010101111010110011011110110101111010011|0
0100100110111110101010001100000110001010|1
1011110000111100111001001010100111000100|1
1001010110101111100110000010000010001101|1
0101010101010000001001110001011100000010|1
0001010110111010111000000100000110110011|1
1101010010001010111000110110001100010010|1
0101111011111100011001011111100001001001|0
0100001001100011011100010001000110100000|0
0101100111101101111000101010111100110100|0
0100110111111110101001011100100101100101|1
1001101110000000111111101100110011101101|0
0001101100000110100011011010010101011011|0
1010000000100011011011110010000001110000|1
0110000100101111110011011110100110000111|1
1100111000100011011000000001100011110000|1
0000111110110110111101000100110011000110|1
0010001100011001001001000011101110110110|1
0011001001101101001101100010111111000110|1
1111000110011010011011011000110100101011|1
1011100101110000110000011000000110001010|0
1111101000011011101100011000101011011001|1
0000110100001010111011001111101111011100|0
1101101010000001110001000010000001101100|0
0100000100100100101011100000000100000011|0
0100100001001110100011100110011000100110|0
1010011110111111101001001100101001100010|1
0100010010001100010011010011100011001010|1
0001011101011101001011101101100100010011|1
0000001010001010100100100101000000011111|0
0001111100001001001001111001101101100100|1
0111011000001101110010100111001001010001|1
1110001100011110110111000101001101101100|1
1101100101001010010110000110100101110110|0
0010011110000111001011001010001100011010|0
1101001101111001110010110100101111100111|1
1000110001001000101101000101100110111111|0
0111001010101000110101100100010000001010|1
0100110110010001101111111100001010110101|1
1010011100011100010010111000111000000010|0
1110010000101000010100101001000000110111|1
0000000100100110110110101101100110000011|1
0100101011001000100000011101010101011010|0
0010111000110100000000001101001000110001|0
1001101000111011110011010000100010111100|0
1110001110110010000100111110011110010010|1
1001001001001110100000111100011010011011|0
0000110110101100111000001101100100101111|1
1000011110011010100011110011111010000011|0
1111100110000110100100000000111100011111|1
1000000100001000100011001001100001100100|1
0101111011100110011011011000000011001100|0
0100110011111011100100111010000100101011|0
0011001011111011110110001010001010000111|1
1010001010100010001101010001111011000101|1
0111001010001101000011110010100000010010|1
0101011010011111000101011001101111001011|1
1101110111101010011110101101110111101011|1
1111111011100101010111110011101000000110|1
1010100001110000011001001110011011001110|1
1001000011110010111010110101110010111101|0
0000101000110111011010000110110000011110|1
0011010110111111000011101000110110110000|1
0111011000101100100011010000110101010001|1
1111011110110010011110110000111111111000|1
0011000000010100101001101101010101110110|0
1000000100100000110110110100001001111100|0
0111101000011010100011101000001000001111|1
0000111101011000011000100001111110000111|1
1010001011010111111110001000001110111101|0
1110100110011001101111101101010010000000|1
1011011101100110001001111011011001111011|1
0101011110011011101100000000111101100000|1
1110110000101000110011101001111100011100|0
0110010000100011011000001101000100001010|1
0111110001100100110001110010010011111110|1